   1.4585897e-01   3.7210939e-01   4.8315265e-02   4.2108742e-01   7.7816720e-01   6.0168247e-02   3.6213316e-01   4.5970893e-03   1.3335972e-02   9.3509776e-01
   7.1805827e-01   4.8850311e-01   7.9615211e-01   9.5484331e-01   7.1493805e-02   8.3269603e-02   5.4170536e-01   7.9125456e-01   2.7968245e-01   8.4214712e-01
   2.8747560e-01   2.9286444e-01   9.7089202e-01   1.8948737e-01   6.6134506e-01   5.8583312e-01   1.8282764e-01   5.1399342e-01   8.5782393e-01   7.7979045e-01
   6.0306696e-01   6.1217892e-01   7.4165524e-01   2.7341737e-01   4.3486731e-01   3.7920690e-02   3.4150288e-01   2.3103523e-01   1.5110223e-01   5.0759958e-01
   4.6813389e-01   8.4915768e-01   2.7878549e-01   5.3771940e-02   3.9418346e-01   1.0353300e-01   8.5127580e-01   7.0362685e-01   5.5249616e-01   5.8244152e-01
   5.6863515e-01   6.3859583e-01   7.1407852e-01   1.4842919e-01   6.0438852e-01   3.9915895e-01   9.6433116e-01   6.5074734e-01   6.0995054e-02   5.8646251e-01
   9.1534755e-01   4.9787490e-01   9.8112027e-02   8.0528391e-02   9.9631732e-01   5.3771118e-01   5.3667688e-01   8.6815889e-01   8.4621782e-01   4.2052799e-01
   4.1662394e-01   9.2164010e-01   9.1398182e-01   7.1151274e-01   1.2779957e-01   2.1588279e-01   8.8761714e-01   3.4777878e-01   9.6279166e-01   8.3308778e-01
   8.8782467e-02   3.4718253e-01   7.8466938e-01   7.0019776e-02   1.9799493e-01   3.8566772e-01   7.4971112e-01   3.3064632e-01   3.0109895e-01   1.5524165e-01
   7.6746542e-01   2.2079055e-02   1.5181422e-01   5.2414682e-01   8.8776532e-01   9.1378063e-01   1.3974098e-01   2.9376917e-01   2.3321270e-01   1.0934975e-01
